image: map.pgm
resolution: 0.05
origin: [-21.69824, -14.74848, 0.0]
negate: 0
occupied_thresh: 0.65
free_thresh: 0.196
